0 RELAY 1 (A-15)
1 00503U 62068A   23317.40695543 -.00000027  00000-0  00000-0 0  9992
2 00503  47.5000 196.4622 2846302 150.6151  10.7935  7.78160270731778
0 TELSTAR 2 (A-41)
1 00573U 63013A   23317.25931480  .00000012  00000-0  54777-3 0  9992
2 00573  42.7346 263.6712 4010428  78.1596  30.4339  6.39268688525588
0 VELA 2
1 00674U 63039A   23320.93675826  .00000447  00000-0  00000-0 0  9999
2 00674  44.5794 123.3205 2994075  90.0334   0.8325  0.22208826  7277
0 VELA 1
1 00692U 63039C   23301.08884168 -.00001496  00000-0  00000-0 0  9991
2 00692  12.6517  19.0112 5856840 225.2690 358.2645  0.22033176 11051
0 RELAY 2
1   737U 64003A   23318.31015703 -.00000023  00000-0  00000+0 0  9992
2   737  46.4625 330.4011 2596675  40.7729 336.0765  7.39538723616388
0 ELEKTRON 1
1 00746U 64006A   23317.48687303  .00002119  00000-0  62856-3 0  9991
2 00746  60.8938  27.8348 3012025 345.5987   7.4573  9.06124534981210
0 ELEKTRON 3
1   829U 64038A   23318.06316042  .00001675  00000-0  41477-3 0  9994
2   829  60.8021  67.5837 2973301  96.1461 298.1229  9.16941623928425
0 OPS 3662 (VELA 3)
1 00836U 64040A   23319.43126837  .00000861  00000-0  00000-0 0  9998
2 00836  46.1428 138.4925 5464064 311.9484   0.3718  0.23918656  8743
0 OPS 3674 (VELA 4)
1 00837U 64040B   23319.25628719  .00000694  00000-0  00000-0 0  9999
2 00837  47.6119 140.9247 3177508 276.8391   0.7181  0.23998313 52453
0 LES 2
1 01360U 65034B   23317.56482995  .00000025  00000-0  00000-0 0  9999
2 01360  32.0931 207.8877 3966135 300.2318  26.4516  4.64825525993836
0 OPS 6577 (VELA 5)
1  1458U 65058A   23319.14717225 -.00000682  00000-0  00000+0 0  9995
2  1458  22.1622  20.8522 4891136 284.3030 359.8405  0.21356834 84172
0 OPS 6564 (VELA 6)
1 01459U 65058B   23321.91632235 -.00001161  00000-0  00000-0 0  9995
2 01459  40.8145  23.9424 4591186  50.9551 357.0797  0.21410174  7247
0 INTELSAT 2-F1
1 02514U 66096A   23316.76332848 -.00000248  00000-0  00000-0 0  9990
2 02514  17.0823 238.9006 6408159 206.2936  97.8527  2.00398870 75810
0 OPS 6638 (VELA 7)
1 02765U 67040A   23319.09091362 -.00000989  00000-0  00000-0 0  9992
2 02765  36.3004  30.8618 4603820 248.9983 358.5194  0.21516287 11481
0 OPS 6679 (VELA 8)
1 02766U 67040B   23322.49884370 -.00000963  00000-0  00000-0 0  9992
2 02766  31.6302  23.3613 4635899  78.5229 356.8805  0.21298744  3491
0 OV1-13
1 03173U 68026A   23317.29356753  .00000072  00000-0  13958-3 0  9990
2 03173  99.9782  88.3662 3833701 326.8819  14.1163  7.25478744469514
0 OV1-14
1 03174U 68026B   23317.35285840 -.00000015  00000-0 -42532-5 0  9997
2 03174 100.0707  71.6092 3975079 284.0201  43.6184  6.96433105410383
0 OV1-19
1  3825U 69025C   23318.20181032  .00000766  00000-0  38172-3 0  9997
2  3825 104.7273 282.1470 2688023 289.5312  43.6535  9.56873497893326
0 OPS 6909 (VELA 9)
1 03954U 69046D   23305.93823304  .00000193  00000-0  00000-0 0  9994
2 03954  81.0815  54.0357 6949119 127.3909   1.2760  0.21511288 10959
0 OPS 6911 (VELA 10)
1 03955U 69046E   23320.78549342  .00000137  00000-0  00000-0 0  9990
2 03955  30.5128 137.8086 8296978  96.3611   0.2375  0.21347832  4990
0 COSMOS 520
1  6192U 72072A   23317.53802709  .00000063  00000-0  00000+0 0  9994
2  6192  72.0190 259.3778 4502565 214.0655 348.8616  2.01325474376112
0 EXPLORER 47 (IMP-7)
1 06197U 72073A   23309.00828262 -.00001517  00000-0  00000-0 0  9992
2 06197  17.2960 107.8210 2871860 128.9375 349.4487  0.07862005  3152
0 OPS 7724
1 06791U 73056A   23315.60926051  .00000153  00000-0 -38694-1 0  9998
2 06791  61.9669 158.1596 7031147 271.8781  16.0789  2.00555707 30582
0 COSMOS 606
1  6916U 73084A   23318.13324104 -.00000408  00000-0  00000+0 0  9991
2  6916  71.8956 108.5992 5389508 156.8073 245.7440  2.00545313366534
0 MOLNIYA 2-9
1  7276U 74026A   23317.88899428  .00000210  00000-0  00000+0 0  9995
2  7276  64.2799 157.7424 6383761 274.0459  20.4721  2.45096505261995
0 MOLNIYA 2-10
1 07376U 74056A   23315.52663879  .00000325  00000-0  00000-0 0  9995
2 07376  64.8866  40.4828 6831525 281.8895  14.3642  2.01055069360658
0 COSMOS 706
1 07625U 75007A   23317.20851615 -.00000723  00000-0  00000-0 0  9996
2 07625  64.1602 250.2431 6592383   3.9401 359.2808  2.00463736217445
0 MOLNIYA 1-29
1 07780U 75036A   23315.13247481  .00000283  00000-0 -10917+0 0  9998
2 07780  63.4351 161.5352 6714385 285.6242  14.0097  2.00619632355881
0 MOLNIYA 2-14
1 08195U 75081A   23316.33482920  .00000216  00000-0  00000-0 0  9999
2 08195  63.4724 134.8013 6688023 290.1815  12.8436  2.02056847353256
0 MOLNIYA 1-32
1  8601U 76006A   23317.97119319  .00001200  00000-0  00000+0 0  9992
2  8601  63.6189 232.1505 6963152 283.2399  13.1156  2.00045487349290
0 COSMOS 862
1 09495U 76105A   23317.65450335  .00000855  00000-0  00000-0 0  9991
2 09495  69.6501  99.0169 6393038 213.7904  80.8389  2.00557671222676
0 MOLNIYA 1-36
1 09880U 77021A   23314.87139596  .00001402  00000-0  00000-0 0  9990
2 09880  63.5540 206.8836 6875031 288.5390  12.2618  2.00660720239623
0 ESA/GOES
1 09931U 77029A   23317.46291531 -.00000104  00000-0  00000-0 0  9990
2 09931  26.4361 217.4356 6605367  20.7745 356.7972  1.96177464333274
0 COSMOS 931
1 10150U 77068A   23317.45875130  .00000062  00000-0  00000-0 0  9992
2 10150  69.1239 103.7904 5835933 351.7234   1.6346  2.00805778339770
0 MOLNIYA 3-8
1 10455U 77105A   23316.95771385 -.00000236  00000-0 -11377-1 0  9998
2 10455  63.6774 283.3800 7193151 282.6401  11.6306  2.00833057337440
0 MOLNIYA 1-40
1 10925U 78055A   23317.62348319  .00000299  00000-0  00000+0 0  9993
2 10925  63.8737 335.3199 7228225 280.2588  11.9877  2.00717259333024
0 COSMOS 1024
1 10970U 78066A   23317.84850147 -.00000889  00000-0  42315-3 0  9991
2 10970  62.1748 102.6314 7473861  41.8226 355.4919  2.00842662332412
0 MOLNIYA 3-10
1 11057U 78095A   23317.40319804 -.00000049  00000-0 -61876-3 0  9994
2 11057  63.2623 212.5846 5720916 313.9891  11.2318  4.09898085404791
0 GORIZONT 1
1 11158U 78118A   23317.06813833 -.00000060  00000-0  00000-0 0  9996
2 11158  11.2492 185.3297 3325857 309.5395  25.7405  1.00238335113440
0 AYAME 1 (ECS 1)
1 11261U 79009A   23317.27326743 -.00000113  00000-0  00000-0 0  9992
2 11261  10.4455 353.3132 3622242  35.9034  87.2299  1.68579466160193
0 COSMOS 1109
1 11417U 79058A   23312.00097900  .00000692  00000-0  00000+0 0  9995
2 11417  70.5105 239.0368 5465372 230.2662  67.2788  2.01395057214667
0 SATCOM 3
1 11635U 79101A   23317.45393677 -.00000029  00000-0  00000-0 0  9996
2 11635   7.3636 178.8716 4881096 284.4717   6.9553  1.82525787206685
0 AYAME 2 (ECS-2)
1 11715U 80018A   23318.40214194 -.00000067  00000-0  00000+0 0  9997
2 11715   7.6900 106.0834 4452803 156.5169 254.6723  1.75495334218427
0 COSMOS 1191
1 11871U 80057A   23316.97665391 -.00000705  00000-0  00000-0 0  9992
2 11871  65.6808 158.1528 6579297  30.9603 355.1835  2.00952078224437
0 MOLNIYA 3-13
1 11896U 80063A   23317.36418074  .00000227  00000-0  00000+0 0  9991
2 11896  63.0799  67.5848 7274786 277.6236  12.5727  2.00674374317450
0 COSMOS 1217
1 12032U 80085A   23313.77307076 -.00000393  00000-0  00000+0 0  9993
2 12032  69.9867 224.2017 5668049 274.9172  26.1438  2.01030253263240
0 COSMOS 1223
1 12078U 80095A   23314.61879112 -.00000003  00000-0  00000+0 0  9991
2 12078  71.7688  80.4999 4992286 335.5773   7.7826  2.00700586314566
0 OPS 5805
1 12093U 80100A   23317.00619208  .00000308  00000-0  00000-0 0  9997
2 12093  63.9807 294.4328 6867856 274.5670  16.2819  2.00224051 33154
0 KIKU 3 (ETS 4)
1 12295U 81012A   23317.30797528  .00011645  00000-0  16211-2 0  9998
2 12295  28.4474  59.1299 4922645 320.3679  12.4361  5.76111734585131
0 COSMOS 1247
1 12303U 81016A   23309.54934982  .00000504  00000-0  00000-0 0  9995
2 12303  67.3552  64.9358 6484465   5.3457 359.0191  2.02490534315843
0 COSMOS 1261
1 12376U 81031A   23317.40202130 -.00000459  00000-0  00000+0 0  9998
2 12376  68.3798 149.1546 6227736  13.9943 357.5614  2.00807260208482
0 CAT 3
1 12546U 81057C   23318.34234567  .00001638  00000-0  58778-3 0  9996
2 12546  10.2069   2.9774 5687439 163.8237 226.6772  4.47149307372675
0 DYNAMICS EXPLORER 1
1 12624U 81070A   23317.30842757  .00000223  00000-0  68828-3 0  9995
2 12624  90.5961  39.8781 6224186 159.1519 245.6379  3.52685823691759
0 COSMOS 1285
1 12627U 81071A   23318.53129990  .00000061  00000-0  00000+0 0  9996
2 12627  68.1368 153.6553 6349660  14.8992   1.7262  1.98051590227790
0 COSMOS 1305
1 12818U 81088A   23317.78370548  .00000061  00000-0  62102-4 0  9995
2 12818  62.8386 154.0127 4838388 245.4101  57.6033  5.46105389841068
0 COSMOS 1317
1 12933U 81108A   23317.83926321  .00000109  00000-0  00000+0 0  9995
2 12933  71.5113 146.9647 5164231 349.3025 203.0020  2.00210653307313
0 CAT 4
1 13011U 81122B   23317.31139303  .00010957  00000-0  10832-2 0  9997
2 13011  10.6212  11.6324 6599890 238.8638  40.3756  3.20687066329930
0 MOLNIYA 1-52
1 13012U 81123A   23316.67774068 -.00000822  00000-0 -14206-1 0  9990
2 13012  61.4697 206.6766 7145766 261.6768  19.0310  2.00446909306879
0 MOLNIYA 1-53
1 13070U 82015A   23311.65037897  .00000718  00000-0 -25514-1 0  9997
2 13070  62.6896 154.2204 6916712 283.2764  13.3597  2.00856119305459
0 COSMOS 1341
1 13080U 82016A   23315.58679886 -.00000136  00000-0  00000-0 0  9991
2 13080  69.5191  53.6725 6097366 341.4123   3.6522  2.00654544215712
0 COSMOS 1348
1 13124U 82029A   23317.57810802  .00000371  00000-0  00000-0 0  9990
2 13124  72.0229 181.0237 5208609 359.3581 173.6021  2.00370125304424
0 COSMOS 1367
1 13205U 82045A   23311.73991025 -.00000030  00000-0  00000-0 0  9990
2 13205  71.1036 104.6988 5352271 352.4103   1.8677  2.00598294303712
0 COSMOS 1382
1 13295U 82064A   23317.21326459 -.00000644  00000-0  00000-0 0  9993
2 13295  62.9317 258.4775 6688523  36.4590 354.2431  2.00452592261564
0 MOLNIYA 3-20
1 13875U 83015A   23316.98388799  .00001356  00000-0  86454-2 0  9991
2 13875  62.1130 272.5261 7284533 263.7737  16.8649  2.00478417234018
0 MOLNIYA 1-56
1 13890U 83019A   23317.74164171 -.00000359  00000-0  32996-4 0  9990
2 13890  62.6864 295.6724 7366992 269.0729  14.2600  2.00097181296892
0 ASTRON
1 13901U 83020A   23303.09731869 -.00000677  00000-0  00000-0 0  9992
2 13901  77.6234  66.9678 5244482  16.6000 358.0335  0.24281873  8818
0 OV2-3
1 13912U 65108V   23318.17241734  .00018043  00000-0  17794-2 0  9998
2 13912  26.6766 352.7140 5442165 292.1521  20.0209  4.93850729521831
0 OSCAR 10
1 14129U 83058B   23317.32337604 -.00000073  00000-0  00000-0 0  9996
2 14129  27.4523  13.3229 6036377 220.1537  74.2042  2.05872007275996
0 COSMOS 1481
1 14182U 83070A   23312.82929963  .00000038  00000-0  00000-0 0  9994
2 14182  71.4831 300.7683 5711932 266.8443  30.0607  2.03568529220730
0 STTW-T1
1 14670U 84008A   23317.29202280  .00002417  00000-0  12171-2 0  9997
2 14670  36.1211 285.7625 2984755 356.4502   1.8606  9.00244599298556
0 COSMOS 1541
1 14790U 84024A   23318.26993102 -.00000148  00000-0  00000+0 0  9991
2 14790  71.8293 186.3605 5322948   7.7765 232.7354  2.00524209262973
0 COSMOS 1547
1 14884U 84033A   23317.88012513  .00000678  00000-0  00000+0 0  9997
2 14884  72.9009  15.6747 5733317 290.6035  18.7779  2.00436229230493
0 COSMOS 1581
1 15095U 84071A   23318.02807716  .00001021  00000-0  00000+0 0  9991
2 15095  66.0345 104.1478 6879958  21.1020 356.9241  1.99699944261727
0 CCE 1 (AMPTE)
1 15199U 84088A   23317.32920712  .00000002  00000-0  00000-0 0  9997
2 15199   4.3549  70.5901 7634753  88.8417  92.8508  1.53316325185909
0 USA 4
1 15226U 84091A   23316.94312920 -.00000076  00000-0  00000-0 0  9997
2 15226  62.6984 173.7227 6451194 283.9534  16.2975  2.00718266 31697
0 COSMOS 1596
1 15267U 84096A   23317.34977172  .00000930  00000-0  00000-0 0  9996
2 15267  65.7993 210.3592 6216136  38.5466 352.6377  2.00740370287015
0 COSMOS 1604
1 15350U 84107A   23317.07360182 -.00000390  00000-0  00000+0 0  9999
2 15350  70.8901  40.5138 5699677 356.4672   0.8932  2.00685338286524
0 MOLNIYA 1-63
1 15429U 84124A   23317.04212637  .00001425  00000-0  00000-0 0  9993
2 15429  63.6212 115.0817 6906843 256.7416 343.5098  2.00519276285057
0 MOLNIYA 3-24
1 15738U 85040A   23317.18123435 -.00000050  00000-0  71405-3 0  9990
2 15738  63.2024 342.8523 6916536 247.9846  28.8454  2.55643653317007
0 COSMOS 1661
1 15827U 85049A   23316.61687317  .00000758  00000-0  00000-0 0  9993
2 15827  67.8698 159.7769 5321608  84.5141 331.2367  2.00786266281284
0 COSMOS 1675
1 15952U 85071A   23316.75221232 -.00000053  00000-0 -10397-2 0  9994
2 15952  65.5423 236.3134 6326879 307.6591  10.2444  3.14128354359938
0 COSMOS 1684
1 16064U 85084A   23316.33097240 -.00000453  00000-0  00000-0 0  9998
2 16064  67.2549 129.0450 5035650 117.0272 302.5244  2.00738097279315
0 COSMOS 1687
1 16103U 85088A   23316.55183146 -.00000023  00000-0  00000+0 0  9993
2 16103  70.3578  55.9189 5810670   7.9993  12.0794  2.00650830279245
0 COSMOS 1698
1 16183U 85098A   23316.56925549 -.00000279  00000-0  00000-0 0  9998
2 16183  71.2197 145.2835 5486606  15.8764 141.6654  2.00715373278723
0 MOLNIYA 3-27
1 16393U 85117A   23315.94452204 -.00000211  00000-0  00000-0 0  9993
2 16393  63.8848  10.3770 7145509 245.7629  27.5313  2.12400338285060
0 COSMOS 1729
1 16527U 86011A   23317.38613588  .00000121  00000-0  00000-0 0  9999
2 16527  70.6943 220.3215 4162075  67.8571  66.2907  2.00456961276767
0 VIKING
1 16614U 86019B   23317.33647236 -.00000041  00000-0 -30169-3 0  9991
2 16614  98.8419  85.7535 4707287  19.7086  11.6210  5.50572262758137
0 COSMOS 1761
1 16849U 86050A   23317.43856782  .00000338  00000-0  00000-0 0  9990
2 16849  69.6431  94.2082 5829319  29.3534 359.4425  2.00318851273605
0 COSMOS 1783
1 16993U 86075A   23317.68543771  .00300691  83017-6  81211-3 0  9991
2 16993  62.0951 107.3168 3016660  24.7546 347.2042  9.56474926589049
0 MOLNIYA 1-69
1 17078U 86089A   23314.84279626 -.00000364  00000-0  00000-0 0  9995
2 17078  63.9584 135.3729 6881372 253.7884  25.6582  2.00680518271099
0 COSMOS 1806
1 17213U 86098A   23317.31321084  .00000188  00000-0  00000+0 0  9999
2 17213  68.6581 182.7525 4638533 103.9473  28.8738  2.00732305270354
0 MOLNIYA 3-31
1 17328U 87008A   23317.35835623  .00000380  00000-0  00000-0 0  9996
2 17328  63.4832  61.4373 7306721 252.9778  21.4193  2.00653525266179
0 USA 21
1 17506U 87015A   23306.25168069 -.00001301  00000-0  13770-2 0  9997
2 17506  62.7848  46.5000 7417917 270.0844  13.6431  2.01030032 31511
0 COSMOS 1851
1 18103U 87050A   23317.98730395  .00000129  00000-0  00000+0 0  9994
2 18103  70.7498 219.5880 4262272  67.4082  60.4084  2.00552950266874
0 COSMOS 1903
1 18701U 87105A   23315.81928953  .00000022  00000-0  00000-0 0  9991
2 18701  69.0103 231.3425 4878687 118.3455 298.9744  2.00737487263656
0 COSMOS 1922
1 18881U 88013A   23317.62168317  .00000798  00000-0  00000-0 0  9990
2 18881  68.8267 124.5923 5447206  65.8659 340.7844  2.00558566261543
0 MOLNIYA 1-71
1 18946U 88017A   23317.78774046 -.00000433  00000-0 -30101-3 0  9991
2 18946  63.2064  50.5286 7402241 256.9732  18.5105  2.00638151261411
0 COSMOS 1974
1 19554U 88092A   23315.84912899  .00000113  00000-0  00000-0 0  9990
2 19554  69.9915 218.2159 4391210  91.4714  41.6595  2.00758169257113
0 COSMOS 1977
1 19608U 88096A   23315.83772900  .00000197  00000-0  00000+0 0  9991
2 19608  69.1456 158.5294 4980789  74.7594  47.9852  2.00549672256768
0 MOLNIYA 1-75
1 19807U 89014A   23310.97543167  .00001235  00000-0  00000-0 0  9999
2 19807  63.8128 231.7377 6665195 263.6746  22.6283  2.00359595254177
0 HIPPARCOS
1 20169U 89062B   23317.59897629 -.00000001  00000-0  93402-4 0  9998
2 20169   7.1764 328.2850 7189098 339.2593   2.3601  2.26238011247919
0 COSMOS 2050
1 20330U 89091A   23316.79020186 -.00000517  00000-0  00000-0 0  9997
2 20330  64.6120 157.4048 6474210 171.4704 210.0373  2.00450748248804
0 COSMOS 2063
1 20536U 90026A   23317.78057780  .00000620  00000-0  00000+0 0  9998
2 20536  66.7399 225.7164 5973196 145.7033 273.7418  1.99600701245374
0 COSMOS 2076
1 20596U 90040A   23318.20042799 -.00000668  00000-0  00000+0 0  9995
2 20596  68.6399 240.4708 5269523 127.7313   7.0666  2.00687703245779
0 COSMOS 2087
1 20707U 90064A   23317.79955435  .00000181  00000-0  00000-0 0  9998
2 20707  67.7722 244.5631 5718599  49.3144 347.8908  2.00277145243841
0 CRRES
1 20712U 90065A   23318.18746621  .00001589  00000-0  15368-2 0  9992
2 20712  18.2542 350.6110 7102363 248.1701  26.3283  2.47701323286219
0 MOLNIYA 1-80
1 21118U 91012A   23317.17576450  .00000863  00000-0  00000-0 0  9994
2 21118  65.0991 279.3118 6599171 270.7886  19.9402  2.05232892241524
0 MOLNIYA 3-40
1 21196U 91022A   23314.15418784  .00000913  00000-0  00000-0 0  9997
2 21196  64.9294 273.5503 6626905 267.8989  20.9454  2.02996079240052
0 MOLNIYA 1-81
1 21426U 91043A   23317.94900869  .00000071  00000-0  00000+0 0  9990
2 21426  63.7291 280.5537 6954625 264.3295  19.5777  2.00627794237468
0 MOLNIYA 3-41
1 21706U 91065A   23310.85716361 -.00000697  00000-0  00000-0 0  9996
2 21706  63.9979 106.1801 7122567 251.9426  24.0538  2.04350243237239
0 STTW-5
1 21833U 91088A   23316.72791467  .00000015  00000-0  00000-0 0  9997
2 21833  31.7872 296.9051 6572785 214.5972  76.1903  2.27647374337662
0 GEOTAIL
1 22049U 92044A   23321.47928038 -.00001356  00000-0  00000-0 0  9994
2 22049  48.1066  27.7952 5080432 227.5689 358.4599  0.19221145 13964
0 MOLNIYA 3-42
1 22178U 92067A   23312.78659556  .00000188  00000-0  00000-0 0  9993
2 22178  64.6763 162.4253 6491776 258.6031  27.0500  2.20434325 91281
0 COSMOS 2232
1 22321U 93006A   23317.14008879 -.00000612  00000-0  00000-0 0  9991
2 22321  67.2269 238.4025 5927610 142.5837 279.1047  2.00376097225405
0 ARASENE
1 22654U 93031B   23317.47079786 -.00000059  00000-0  00000-0 0  9994
2 22654   3.7115  75.0962 2820001 270.7926 125.5997  1.42203675153965
0 MOLNIYA 1-86
1 22671U 93035A   23318.41892358  .00000489  00000-0  65361-3 0  9990
2 22671  63.0807 297.4302 4858133  14.9919 355.4314  5.63015199381237
0 MOLNIYA 1-87
1 22949U 93079A   23317.19342749 -.00001292  00000-0  00000-0 0  9994
2 22949  64.6685  32.0139 6972373 280.3854  13.8238  2.02876884 85359
0 VEP
1 22979U 94007B   23317.18670046 -.00000184  00000-0 -19835-3 0  9991
2 22979  29.2840 349.3570 7230817 122.3603 327.1384  2.25718489244893
0 SJ-4
1 22996U 94010A   23317.51360161  .00000546  00000-0  25096-3 0  9991
2 22996  29.0363 355.9474 5583869  31.2797 352.4603  4.62960242403480
0 STRV 1A
1 23125U 94034B   23317.31405918  .00014095  00000-0  20299-2 0  9993
2 23125   7.3506 156.3855 6504526  60.7444 348.6938  3.32705856302131
0 STRV 1B
1 23126U 94034C   23316.11688612  .00019133  00000-0  11102-2 0  9996
2 23126   6.8635 279.2306 6272170 179.1706 182.8999  3.69114317311511
0 COSMOS 2286
1 23194U 94048A   23313.27315889  .00000727  00000-0  00000-0 0  9995
2 23194  66.9933 206.9956 5995868 138.6268 287.1742  2.00725575214391
0 ETS 6
1 23230U 94056A   23317.53555391 -.00000066  00000-0  00000-0 0  9999
2 23230  14.2745 315.1493 5016717  38.3187  82.0726  1.67087365178428
0 MOLNIYA 1-88
1 23420U 94081A   23317.99962177  .00000040  00000-0  00000+0 0  9992
2 23420  64.3534  81.6783 5861099 273.6134  25.1251  3.34494317264157
0 MOLNIYA 3-47
1 23642U 95042A   23314.78023768  .00000576  00000-0  00000-0 0  9999
2 23642  64.7915  13.8026 6978951 280.5546  13.7101  2.01975062207347
0 ISO
1 23715U 95062A   23317.52816081 -.00000005  00000-0 -53465-3 0  9990
2 23715   5.6844   8.1263 8306004 153.5006 300.1699  1.02073928104003
0 POLAR
1 23802U 96013A   23312.86234911  .00000193  00000-0  00000-0 0  9992
2 23802  78.9763 236.7382 5792086 241.3539  49.2312  1.29847233132503
0 CHINASAT 7
1 24282U 96048A   23318.25246286 -.00000073  00000-0  00000+0 0  9997
2 24282  17.8326 215.8893 3398499 226.4227 333.2430  1.06658598108604
0 MAGION 5
1 24292U 96050B   23316.85531391  .00000064  00000-0 -43831-3 0  9992
2 24292  62.8069 147.4094 5557384 252.1771  42.2024  4.14710057411934
0 INTERBALL AURORA
1 24293U 96050C   23316.46030274  .00000083  00000-0  00000-0 0  9992
2 24293  62.8066 147.4891 5558064 252.2832  42.1058  4.14717096412018
0 HALCA (MUSES B)
1 24720U 97005A   23317.85607311  .00000234  00000-0  85240-3 0  9994
2 24720  31.1666 162.2311 5980544   1.5105   4.1806  3.83760997373276
0 COSMOS 2340
1 24761U 97015A   23313.70742984  .00000473  00000-0  00000-0 0  9999
2 24761  65.4020 234.2236 6705553 162.2281 242.9853  2.00866644194771
0 COSMOS 2342
1 24800U 97022A   23317.27641145 -.00000990  00000-0  00000-0 0  9999
2 24800  67.4277 328.6417 6757671 150.9622 274.8540  1.99580396193513
0 MOLNIYA 1-90
1 24960U 97054A   23315.50468603  .00000008  00000-0 -17973-3 0  9991
2 24960  64.0430  47.2706 6106525 294.2861  15.1406  3.18688269224324
0 MAQSAT H
1 25023U 97066A   23317.92438012  .00000182  00000-0  14287-2 0  9990
2 25023   7.6509 144.0817 6484587 198.8204 352.1016  3.10261957294478
0 MAQSAT B
1 25024U 97066B   23318.13698303  .00000021  00000-0  59699-4 0  9996
2 25024   7.6336 146.6030 6502278 192.8164  76.0024  3.08865509293929
0 TEAMSAT
1 25025U 97066C   23317.82389337 -.00000056  00000-0 -57429-3 0  9994
2 25025   7.4866 180.2789 6512990 127.6354 352.9535  3.07978658106026
0 EQUATOR S
1 25068U 97075B   23317.69364861 -.00000248  00000-0 -14950-3 0  9996
2 25068   9.4877   9.1260 8281123  87.0983 352.4628  1.07758701102252
0 COMETS
1 25175U 98011A   23318.06877937  .00000013  00000-0  00000+0 0  9996
2 25175  30.0649 144.6074 5297502  85.4893 330.4702  4.38945714421154
0 COSMOS 2351
1 25327U 98027A   23317.94831226 -.00001059  00000-0  00000+0 0  9991
2 25327  63.6486 237.1721 7069156 178.8040 185.1011  2.00406010186970
0 MOLNIYA 1-91
1 25485U 98054A   23317.69511632  .00000064  00000-0  00000-0 0  9999
2 25485  63.5742  69.8002 6808370 291.4131  11.8843  2.36441830191198
0 MAQSAT/ARIANE 5
1 25503U 98059A   23311.06274689 -.00000020  00000-0  19227-2 0  9994
2 25503   6.6910 225.1026 7023312 226.6868  48.2927  2.24575188205543
0 SEA LAUNCH DEMO
1 25661U 99014A   23317.47042405 -.00000075  00000-0 -12045-2 0  9993
2 25661   1.5207 341.6399 7161686 321.5217   4.5546  2.23252000200954
0 MOLNIYA 3-50
1 25847U 99036A   23316.90545021  .00000141  00000-0 -13833-1 0  9990
2 25847  63.4236 260.6108 7148402 282.8178  11.9455  2.00647776178412
0 CXO
1 25867U 99040B   23321.31974296  .00000889  00000-0  00000+0 0  9996
2 25867  37.6443 177.3564 9030567 278.3337   0.0092  0.37815077 24918
0 XMM
1 25989U 99066A   23306.55372892 -.00000028  00000-0  00000+0 0  9998
2 25989  68.6273 296.2738 5384634  80.5270  84.5564  0.50133286 32565
0 COSMOS 2368
1 26042U 99073A   23317.50277909  .00000678  00000-0  00000-0 0  9998
2 26042  67.7146   4.9840 6302810 181.6448 174.3524  2.00390377174924
0 FREGAT RB/CLUSTER 2
1 26106U 00015A   23316.79958327  .00000255  00000-0  11198-3 0  9991
2 26106  64.8423 155.3076 5536085 314.5434  11.8143  4.60979099394510
0 IMAGE
1 26113U 00017A   23316.17805275 -.00000009  00000-0 -20674+0 0  9990
2 26113  94.6377 299.9535 7353862  40.2424 355.5396  1.68651600145529
0 CLUSTER II-FM7
1 26410U 00041A   23319.50202210  .00000735  00000-0  00000-0 0  9993
2 26410 137.2427 354.1837 6912143 208.6658   0.8067  0.44249730 16093
0 CLUSTER II-FM6
1 26411U 00041B   23312.71956619  .00000472  00000-0  00000+0 0  9996
2 26411 143.5923   6.8115 8558253 220.8935   0.7552  0.44199361 27138
0 CLUSTER II-FM5
1 26463U 00045A   23319.50021227  .00001301  00000-0  00000-0 0  9992
2 26463 146.4279   5.9675 8067055 220.8606   0.8195  0.44230760 16032
0 CLUSTER II-FM8
1 26464U 00045B   23319.50171070  .00000735  00000-0  00000-0 0  9995
2 26464 137.2394 354.1765 6913158 208.6518   0.8325  0.44220673 16101
0 AMSAT OSCAR 40
1 26609U 00072B   23317.26711758 -.00000123  00000-0  00000-0 0  9992
2 26609   6.1335 154.1614 7917894 219.7059  41.6472  1.25587776105618
0 STRV 1C
1 26610U 00072C   23317.36935104 -.00000142  00000-0 -19729-2 0  9990
2 26610   7.1364 328.8133 7349503 276.4987  12.0159  2.03512752170801
0 STRV 1D
1 26611U 00072D   23317.29024164  .00000139  00000-0 -14690-2 0  9995
2 26611   7.1396 329.8739 7351403 274.2619  12.6095  2.03372284 71214
0 LRE
1 26898U 01038A   23317.01365870  .00001463  00000-0  25768-3 0  9996
2 26898  28.2132 155.2178 7041744 338.3366   2.7854  2.59228341195851
0 MDS 1
1 27367U 02003A   23318.08838559  .00072912  00000-0  23680-2 0  9995
2 27367  28.5611 331.4993 4578923  65.1766 335.1893  6.45141106327474
0 DASH/VEP 3
1 27368U 02003B   23317.22584846  .00000602  00000-0  17240-2 0  9990
2 27368  28.3708 237.2721 7156248 105.2136 338.0400  2.34841446183658
0 INTEGRAL
1 27540U 02048A   23317.07401816  .00000507  00000-0  00000-0 0  9997
2 27540  86.4763  31.3808 8717420 287.8518 172.3729  0.37574432 23073
0 DOUBLESTAR (TC-2)
1 28382U 04029A   23318.07281451  .00036220  00000-0  28704-2 0  9999
2 28382  87.5910 253.3990 7151450 335.4893   2.7925  2.47260185156646
0 DELTA 4 DEMO SPACECRAFT
1 28500U 04050A   23317.80593351 -.00000096  00000-0  00000-0 0  9990
2 28500  15.6995 328.2416 2791954 322.9237 238.1303  1.41309641 97514
0 SLOSHSAT
1 28544U 05005C   23317.98009231  .00002007  00000-0  84684-3 0  9993
2 28544   6.9687 103.6007 7015394  74.2463 348.0957  2.60202284166019
0 MAQSAT/ARIANE 5
1 28545U 05005D   23318.03369326  .00001049  00000-0  37662-3 0  9994
2 28545   6.8198 140.5275 7054169   0.0494   0.0323  2.55826342163859
0 THEMIS A
1 30580U 07004A   23318.23237965 -.00000416  00000-0 -81458-1 0  9991
2 30580  10.9649 284.0682 8318704 279.2870  33.2064  0.87834085 57657
0 THEMIS D
1 30797U 07004D   23318.26708687 -.00000354  00000-0  00000+0 0  9990
2 30797   7.3910 274.6960 8289333 292.1033  31.0314  0.87834918 57178
0 THEMIS E
1 30798U 07004E   23318.19103201 -.00000405  00000-0  00000+0 0  9991
2 30798   8.5653 293.9683 8292283 274.4015  24.1778  0.87832691 57592
0 SPIRALE A
1 33751U 09008C   23318.40023456  .00000697  00000-0  12189-2 0  9992
2 33751   2.0159 121.7592 5513325 148.9765 260.7654  4.59202141218389
0 SPIRALE B
1 33752U 09008D   23317.65737028  .00006762  00000-0  18435-2 0  9995
2 33752   1.7888 197.3010 6788802 349.3369   1.7099  2.91471711139766
0 EUTE W3B
1 37206U 10056A   23318.20145764  .00002484  00000-0  84062-3 0  9997
2 37206   2.1103 175.7671 6999356 173.6855 206.0665  2.63016628116459
0 MERIDIAN 3
1 37212U 10058A   23311.70761562  .00000313  00000-0  00000-0 0  9990
2 37212  63.4778 182.7806 6408533 266.4541  23.7034  2.00575411 95357
0 MERIDIAN 4
1 37398U 11018A   23316.75265713  .00000011  00000-0  00000-0 0  9994
2 37398  62.2026 214.5567 7177812 256.9967  20.8367  2.00709016 91750
0 SPEKTR R
1 37755U 11037A   23304.43319851 -.00000595  00000-0  00000-0 0  9995
2 37755  49.4955 108.6490 6574585 220.8109   0.2762  0.10433454  4909
0 TACSAT 4
1 37818U 11052A   23316.86242829  .00007949  00000-0  26668-2 0  9991
2 37818  62.8592  43.2950 4699506 253.8444  51.0871  6.05278767266917
0 RBSP A
1 38752U 12046A   23317.92587794  .00054381  97908-6  17970-2 0  9991
2 38752   9.8538  20.6366 6582618  56.3086 349.9194  3.26010963113696
0 RBSP B
1 38753U 12046B   23317.30636160  .00050971  97359-6  21660-2 0  9998
2 38753  10.0357  51.0373 6631963 356.7056   0.5228  3.18473410112517
0 MERIDIAN 6
1 38995U 12063A   23317.01510252  .00000371  00000-0  00000-0 0  9999
2 38995  65.1691 116.0645 6984119 239.1959  34.9295  2.00510090 80505
0 MERIDIAN 7
1 40296U 14069A   23317.06981848 -.00000056  00000-0  00000+0 0  9992
2 40296  63.6090 322.4890 7098058 273.6032  14.8252  2.00615930 66229
0 MMS 1
1 40482U 15011A   23318.58334491 -.00000073  00000-0  00000+0 0  9990
2 40482  34.4554  35.7136 9147508 124.4085  52.4379  0.28451549 14764
0 MMS 2
1 40483U 15011B   23318.58334491 -.00000074  00000-0  00000+0 0  9992
2 40483  34.4633  35.6915 9148203 124.4794  52.3494  0.28450539 14740
0 MMS 3
1 40484U 15011C   23318.58334491 -.00000074  00000-0  00000+0 0  9993
2 40484  34.4600  35.7192 9144707 124.5379  52.1842  0.28448638 14740
0 MMS 4
1 40485U 15011D   23318.58334491 -.00000074  00000-0  00000+0 0  9994
2 40485  34.4480  35.7090 9146020 124.5055  52.2728  0.28449564 14748
0 COSMOS 2510
1 41032U 15066A   23316.65669063  .00001203  00000-0  00000-0 0  9990
2 41032  62.8186 112.1934 6948164 270.9277  17.0800  2.00524746 58454
0 ARASE (ERG)
1 41896U 16080A   23317.22003440  .00001084  00000-0  23888-2 0  9998
2 41896  31.9216  23.2431 7009791 191.3000 135.4477  2.55227700 63970
0 COSMOS 2518
1 42719U 17027A   23313.45439450  .00000264  00000-0  00000-0 0  9998
2 42719  63.1715  18.0132 7258123 269.0965  15.1753  2.00586052 47313
0 PODSAT
1 43229U 18023B   23318.23961643  .00038608  00000-0  66504-3 0  9994
2 43229  26.8398 189.5543 4265525 239.1169  72.1414  7.05003876119302
0 TESS
1 43435U 18038A   23328.16062131 -.00001962  00000-0  00000-0 0  9996
2 43435  44.5904  71.1671 4606945 154.8317 355.0973  0.07503535  1161
0 MERIDIAN 8
1 44453U 19046A   23315.12632175  .00000299  00000-0  00000-0 0  9991
2 44453  62.6770 160.3873 6720090 273.7795  17.8597  2.00579518 31303
0 CHINASAT 18
1 44493U 19053A   23316.85342975  .00008016  00000-0  59720-3 0  9991
2 44493  28.3222 218.3435 6873787 149.4372 280.5167  2.83903675 38729
0 COSMOS 2541
1 44552U 19065A   23317.16501373 -.00000584  00000-0  00000-0 0  9991
2 44552  62.8733 247.7169 6724539 272.2646  18.3976  2.00615235 30227
0 MERIDIAN 9
1 45254U 20015A   23317.36211189  .00000188  00000-0  00000-0 0  9992
2 45254  64.1363  65.5634 6936929 290.6526  11.3648  2.00610202 27294
0 COSMOS 2546
1 45608U 20031A   23316.37453068 -.00000081  00000-0  00000+0 0  9999
2 45608  63.1284 171.5934 6625012 265.6811 343.2006  2.00648676 25442
0 CHANG'E 5
1 47097U 20087A   23307.33244160 -.00037245  00000-0  00000-0 0  9994
2 47097  26.7044   7.4596 4873091 121.4699 341.9851  0.02287018   231
0 ARKTIKA-M 1
1 47719U 21016A   23316.91468608  .00000226  00000-0  00000-0 0  9995
2 47719  63.1447 176.1791 6891268 269.2914  18.1796  2.00606589 19783
0 SHIYAN 10 (SY-10)
1 49258U 21087A   23316.81141623  .00000348  00000-0  00000-0 0  9992
2 49258  63.7348 332.5980 7027740 269.8969  16.6514  2.00609631 15520
0 COSMOS 2552
1 49503U 21113A   23315.83461722 -.00000985  00000-0  00000-0 0  9999
2 49503  63.3166 304.9427 6894776 270.8917  17.3790  2.00604258 14388
0 MERIDIAN 10
1 52145U 22030A   23317.84010514  .00000080  00000-0  00000+0 0  9990
2 52145  62.6514 242.9964 6949357 273.4109  16.2158  2.00612293 12032
0 COSMOS 2563
1 54223U 22145A   23318.07883326 -.00000605  00000-0  00000+0 0  9995
2 54223  63.8712  46.4352 7141090 269.1368  16.1323  2.00610350  7556
0 SHIYAN 10 02 (SY-10 02)
1 54878U 22178A   23316.02526825  .00001033  00000-0  00000+0 0  9993
2 54878  63.5335  77.3901 7038289 269.2168 342.8568  2.00654599  6391
0 INMARSAT 6-F2
1 55683U 23022A   23317.85022807  .00000030  00000-0  00000-0 0  9997
2 55683   3.4099  22.4786 2998436 210.8133 136.0491  1.00950687  1003
0 SYRACUSE 4B
1 57214U 23093B   23316.19563355 -.00000091  00000-0  00000-0 0  9999
2 57214   0.9818  64.3186 3486265 212.8057 156.6196  1.12732044    68
0 CHINASAT-6E
1 58253U 23172A   23313.91939772 -.00000492  00000-0  00000+0 0  9992
2 58253  28.3937 216.1956 7294480 179.5634 352.7472  2.28280314    28