0 NTS 2
1 10091U 77053A   23317.54575692 -.00000015  00000-0  00000-0 0  9999
2 10091  63.7692 311.0337 0070292 224.6430 314.8459  2.00454848339706
0 OPS 5111 (NAVSTAR 1)
1 10684U 78020A   23317.29463465  .00000002  00000-0  00000-0 0  9993
2 10684  63.6695  80.9112 0081751 214.9531 144.4887  1.98071943317687
0 OPS 5112 (NAVSTAR 2)
1 10893U 78047A   23316.13134895 -.00000015  00000-0  00000-0 0  9993
2 10893  63.3448 303.2107 0517949  44.6279 130.3917  2.01627715334616
0 OPS 5113 (NAVSTAR 3)
1 11054U 78093A   23318.10783041 -.00000026  00000-0  00000-0 0  9998
2 11054  63.6070 328.1885 0097723 230.0982 130.7984  1.93504555322378
0 OPS 5114 (NAVSTAR 4)
1 11141U 78112A   23317.95847830  .00000044  00000-0  00000-0 0  9995
2 11141  63.1220  99.4310 0134315  45.9839 317.6188  1.92895589210840
0 OPS 5117 (NAVSTAR 5)
1 11690U 80011A   23317.58830899 -.00000003  00000-0  00000+0 0  9996
2 11690  64.1137  77.6727 0481690 203.7368 164.4733  2.00568166334736
0 OPS 5118 (NAVSTAR 6)
1 11783U 80032A   23316.61309535 -.00000011  00000-0  00000+0 0  9992
2 11783  62.3462 280.6572 0536497  54.7759 131.6964  2.03456406322463
0 COSMOS 1413 (GLONASS)
1 13603U 82100A   23313.18851458  .00000056  00000-0  00000-0 0  9997
2 13603  64.3546  99.9217 0007003  23.7253 157.5561  2.13867308320836
0 COSMOS 1414 (GLONASS)
1 13606U 82100D   23317.30176331  .00000051  00000-0  00000-0 0  9993
2 13606  64.3053 103.8851 0076807  31.2603 330.5721  2.13103727319727
0 COSMOS 1415 (GLONASS)
1 13607U 82100E   23318.78452167  .00000044  00000-0  00000+0 0  9992
2 13607  64.3399  99.6842 0003726  25.9116 330.4359  2.13810190320875
0 OPS 9794 (NAVSTAR 8)
1 14189U 83072A   23318.35111630  .00000038  00000-0  00000-0 0  9991
2 14189  62.8128  96.1486 0203719  52.1947 313.0600  1.91719429208596
0 COSMOS 1490 (GLONASS)
1 14258U 83084A   23318.45585705  .00000054  00000-0  00000-0 0  9998
2 14258  64.3762 105.3480 0014370  13.1457 344.7945  2.13103168313285
0 COSMOS 1491 (GLONASS)
1 14259U 83084B   23317.52357253  .00000025  00000-0  00000-0 0  9999
2 14259  64.4513  91.4730 0019088 308.1650 114.1503  2.15434790315749
0 COSMOS 1492 (GLONASS)
1 14260U 83084C   23315.32638562  .00000064  00000-0  00000-0 0  9995
2 14260  64.3484 107.1073 0000776 341.5357  15.7143  2.12759274311387
0 COSMOS 1519 (GLONASS)
1 14590U 83127A   23317.03685142 -.00000039  00000-0  00000-0 0  9998
2 14590  66.6707 359.9487 0010903 191.5990 192.2468  2.13099022250967
0 COSMOS 1520 (GLONASS)
1 14591U 83127B   23316.10429715 -.00000042  00000-0  00000-0 0  9992
2 14591  66.6627 359.8718 0023345 177.4750 255.0610  2.13101915250755
0 COSMOS 1521 (GLONASS)
1 14592U 83127C   23316.10456878 -.00000038  00000-0  00000-0 0  9998
2 14592  66.6021 355.9776 0060273 194.8601 237.9267  2.13837232311320
0 COSMOS 1554 (GLONASS)
1 14977U 84047A   23317.97973296 -.00000038  00000-0  00000-0 0  9991
2 14977  66.6308 358.9831 0018092 220.9021 136.2008  2.13099863 83712
0 COSMOS 1555 (GLONASS)
1 14978U 84047B   23316.10846196 -.00000041  00000-0  00000-0 0  9998
2 14978  66.6400 359.5146 0012096 183.6464 173.8079  2.13101781279294
0 COSMOS 1556 (GLONASS)
1 14979U 84047C   23317.51214479 -.00000039  00000-0  00000-0 0  9995
2 14979  66.6575   0.5119 0009493 197.8735 159.3757  2.12912262306933
0 NAVSTAR 9 (USA 1)
1 15039U 84059A   23317.52385990  .00000026  00000-0  00000-0 0  9999
2 15039  62.9285  91.7099 0225180  49.2672   7.5744  1.92302792279926
0 COSMOS 1593 (GLONASS)
1 15259U 84095A   23314.59596788  .00000064  00000-0  00000-0 0  9998
2 15259  64.3831 105.4718 0024172 209.1346 219.6037  2.13104943258141
0 COSMOS 1594 (GLONASS)
1 15260U 84095B   23313.47890869  .00000073  00000-0  00000+0 0  9992
2 15260  64.3245 107.1587 0005797 190.5010 168.0631  2.12637198304284
0 COSMOS 1595 (GLONASS)
1 15261U 84095C   23318.21063809  .00000050  00000-0  00000-0 0  9992
2 15261  64.3192 103.8474 0047758 214.1148 344.3632  2.13102765279360
0 NAVSTAR 10 (USA 5)
1 15271U 84097A   23318.00566574 -.00000022  00000-0  00000-0 0  9999
2 15271  62.8727 319.3338 0143141 228.4916 310.7865  1.92618816278094
0 COSMOS 1650 (GLONASS)
1 15697U 85037A   23318.78452167  .00000055  00000-0  00000+0 0  9997
2 15697  64.4180 105.7738 0033120  28.4141 328.0413  2.13102265276191
0 COSMOS 1651 (GLONASS)
1 15698U 85037B   23318.37288831  .00000054  00000-0  00000-0 0  9998
2 15698  64.4048 105.3633 0014124  23.9977 329.5792  2.13123326299625
0 COSMOS 1652 (GLONASS)
1 15699U 85037C   23317.21246067  .00000055  00000-0  00000-0 0  9997
2 15699  64.4004 105.6787 0017445  24.7002 170.8345  2.13067551299480
0 NAVSTAR 11 (USA 10)
1 16129U 85093A   23318.46862731  .00000069  00000-0  00000-0 0  9993
2 16129  63.0882 110.7788 0310132  52.1225 313.1545  1.89368869211393
0 COSMOS 1710 (GLONASS)
1 16396U 85118A   23317.39735486 -.00000036  00000-0  00000-0 0  9999
2 16396  66.3632 355.4449 0012974 209.2529 159.5573  2.13102934294958
0 COSMOS 1711 (GLONASS)
1 16397U 85118B   23316.10456882 -.00000039  00000-0  00000-0 0  9991
2 16397  66.3772 355.6794 0008923 195.0358 237.9211  2.13101716294553
0 COSMOS 1712 (GLONASS)
1 16398U 85118C   23316.21472682 -.00000039  00000-0  00000-0 0  9990
2 16398  66.3660 356.2238 0010260  13.7952  45.4633  2.12920149293864
0 COSMOS 1778 (GLONASS)
1 16961U 86071A   23318.10743671  .00000052  00000-0  00000-0 0  9998
2 16961  64.4163 104.8565 0005019 211.8059 325.9853  2.13102298289214
0 COSMOS 1779 (GLONASS)
1 16962U 86071B   23317.35641944  .00000053  00000-0  00000-0 0  9996
2 16962  64.4195 104.9518 0011626  44.2028 326.5782  2.13102839289077
0 COSMOS 1780 (GLONASS)
1 16963U 86071C   23317.80257810  .00000052  00000-0  00000-0 0  9991
2 16963  64.4069 104.6590 0002139 327.4122  32.2847  2.13106778289153
0 COSMOS 1883 (GLONASS)
1 18355U 87079A   23317.66555670 -.00000034  00000-0  00000-0 0  9997
2 18355  65.9852 350.4063 0005545 267.2190 271.5696  2.13100832281362
0 COSMOS 1884 (GLONASS)
1 18356U 87079B   23316.39293795 -.00000035  00000-0  00000-0 0  9995
2 18356  66.0087 350.7693 0019950 215.6628 139.3041  2.13102525281462
0 COSMOS 1885 (GLONASS)
1 18357U 87079C   23319.11447424 -.00000034  00000-0  00000+0 0  9997
2 18357  66.0043 350.6128 0021683 214.1649 144.4642  2.13102330265190
0 COSMOS 1946 (GLONASS)
1 19163U 88043A   23317.06391497  .00000056  00000-0  00000-0 0  9999
2 19163  64.4996 106.0542 0004362 112.0382  59.8127  2.13103109275411
0 COSMOS 1947 (GLONASS)
1 19164U 88043B   23313.48288567  .00000070  00000-0  00000-0 0  9991
2 19164  64.4945 106.1010 0024110 219.8744 149.6676  2.13103997271045
0 COSMOS 1948 (GLONASS)
1 19165U 88043C   23317.35527493  .00000055  00000-0  00000-0 0  9999
2 19165  64.4857 105.7781 0002366 307.6112  56.0747  2.13103098275835
0 COSMOS 1970 (GLONASS)
1 19501U 88085A   23316.39092639 -.00000032  00000-0  00000-0 0  9997
2 19501  65.6861 346.5619 0008160  38.8600 322.7054  2.13101943273586
0 COSMOS 1971 (GLONASS)
1 19502U 88085B   23315.26421061 -.00000034  00000-0  00000-0 0  9990
2 19502  65.6805 346.5247 0021740  14.7772  49.5872  2.13101604259135
0 COSMOS 1972 (GLONASS)
1 19503U 88085C   23319.27827205 -.00000032  00000-0  00000+0 0  9993
2 19503  65.7126 346.8126 0004981 216.5939 141.0011  2.13102043273695
0 COSMOS 1987 (GLONASS)
1 19749U 89001A   23316.48513403  .00000055  00000-0  00000-0 0  9991
2 19749  64.4535 104.8104 0004954 222.6938 138.7581  2.13103405271104
0 COSMOS 1988 (GLONASS)
1 19750U 89001B   23319.16646549  .00000054  00000-0  00000+0 0  9997
2 19750  64.4712 105.0463 0015691 215.2971 332.5225  2.13101767271220
0 COSMOS 1989 (ETALON 1)
1 19751U 89001C   23319.04295700  .00000053  00000-0  00000+0 0  9993
2 19751  64.4662 104.6414 0023996 214.9528 244.0234  2.13156132271297
0 NAVSTAR 13 (USA 35)
1 19802U 89013A   23318.80566635  .00000080  00000-0  00000+0 0  9994
2 19802  54.5152 126.5393 0040500 226.5274 135.6629  1.85324861241614
0 COSMOS 2022 (GLONASS)
1 20024U 89039A   23317.44209149 -.00000030  00000-0  00000-0 0  9990
2 20024  65.4186 343.2580 0008933 219.6941 137.4075  2.13102030268151
0 COSMOS 2023 (GLONASS)
1 20025U 89039B   23318.13994953 -.00000030  00000-0  00000-0 0  9992
2 20025  65.4415 343.5070 0019011 203.3483 153.7360  2.13103769268095
0 COSMOS 2024 (ETALON 2)
1 20026U 89039C   23318.46495008 -.00000029  00000-0  00000-0 0  9994
2 20026  65.4217 342.9081 0019158 218.1094 153.3868  2.13204344268343
0 NAVSTAR 14 (USA 38)
1 20061U 89044A   23317.13313403 -.00000020  00000-0  00000-0 0  9991
2 20061  53.9249 274.0964 0023173 192.3214 170.0389  1.88858801243906
0 NAVSTAR 15 (USA 42)
1 20185U 89064A   23317.62133476  .00000076  00000-0  00000-0 0  9994
2 20185  54.3982 121.7458 0010440 303.1347  58.4587  1.86087501238597
0 NAVSTAR 16 (USA 47)
1 20302U 89085A   23318.05405037  .00000050  00000-0  00000-0 0  9993
2 20302  54.0606 217.1388 0009520  60.2598 122.9593  1.89426415240610
0 NAVSTAR 17 (USA 49)
1 20361U 89097A   23319.39152366 -.00000059  00000-0  00000+0 0  9992
2 20361  55.8459  43.7576 0022599 303.1076  56.2438  1.89174603231473
0 NAVSTAR 18 (USA 50)
1 20452U 90008A   23319.14667266  .00000096  00000-0  00000+0 0  9990
2 20452  54.7260 166.6573 0012796 268.3435  88.0442  1.89597869238325
0 NAVSTAR 19 (USA 54)
1 20533U 90025A   23315.58841935 -.00000034  00000-0  00000+0 0  9993
2 20533  54.1473 280.7737 0042573 211.0416  10.0323  1.91039704236968
0 COSMOS 2079 (GLONASS)
1 20619U 90045A   23318.21854785 -.00000028  00000-0  00000-0 0  9994
2 20619  65.2210 340.9943 0045495 209.8447 147.5803  2.13102859260590
0 COSMOS 2080 (GLONASS)
1 20620U 90045B   23319.27792484 -.00000028  00000-0  00000+0 0  9999
2 20620  65.2160 340.9077 0022041  32.2148 327.0767  2.13102615260697
0 COSMOS 2081 (GLONASS)
1 20621U 90045C   23318.35570155 -.00000029  00000-0  00000-0 0  9999
2 20621  65.2387 341.2117 0041655 219.3317 143.7158  2.13104645260531
0 NAVSTAR 20 (USA 63)
1 20724U 90068A   23318.27075602  .00000048  00000-0  00000-0 0  9996
2 20724  54.2090 107.5856 0036670 313.1557  14.1521  1.87185794232197
0 NAVSTAR 21 (USA 64)
1 20830U 90088A   23317.47208683 -.00000068  00000-0  00000-0 0  9997
2 20830  55.9431  42.0603 0022758 273.0409  84.8763  1.87752516235026
0 NAVSTAR 22 (USA 66)
1 20959U 90103A   23318.16697990  .00000001  00000-0  00000-0 0  9993
2 20959  55.3612  84.2544 0020149  78.3117 281.8895  1.88155445238060
0 COSMOS 2109 (GLONASS)
1 21006U 90110A   23318.97132660  .00000051  00000-0  00000+0 0  9996
2 21006  64.4353 103.6060 0083438 198.5831 161.2332  2.13101619256356
0 COSMOS 2110 (GLONASS)
1 21007U 90110B   23318.50099977  .00000051  00000-0  00000+0 0  9999
2 21007  64.4529 104.0289 0045380 198.8142 344.7001  2.13101335256336
0 COSMOS 2111 (GLONASS)
1 21008U 90110C   23318.73465580  .00000051  00000-0  00000-0 0  9993
2 21008  64.4357 103.6964 0018045 232.0078 128.9296  2.13098533256252
0 COSMOS 2139 (GLONASS)
1 21216U 91025A   23317.94209150 -.00000027  00000-0  00000-0 0  9995
2 21216  64.9106 337.3777 0016359 227.2870 132.6287  2.13106239253768
0 COSMOS 2140 (GLONASS)
1 21217U 91025B   23318.13020428 -.00000027  00000-0  00000-0 0  9997
2 21217  64.9003 337.2697 0026528 222.6281 141.7516  2.13100895253789
0 COSMOS 2141 (GLONASS)
1 21218U 91025C   23316.32047059 -.00000027  00000-0  00000-0 0  9996
2 21218  64.8941 337.2381 0006831 238.0606 160.1201  2.13103259253779
0 NAVSTAR 23 (USA 71)
1 21552U 91047A   23316.33629323 -.00000079  00000-0  00000-0 0  9999
2 21552  56.3116  26.1251 0034823 119.0857 298.5288  1.91857477233208
0 COSMOS 2177 (GLONASS)
1 21853U 92005A   23318.43218948  .00000048  00000-0  00000-0 0  9993
2 21853  64.3877 102.5277 0008998 191.3437 165.7664  2.13101775247399
0 COSMOS 2178 (GLONASS)
1 21854U 92005B   23317.60508569  .00000048  00000-0  00000-0 0  9993
2 21854  64.3925 102.6042 0030754  31.0212 329.3979  2.13105901247360
0 COSMOS 2179 (GLONASS)
1 21855U 92005C   23318.30216122  .00000048  00000-0  00000-0 0  9993
2 21855  64.3922 102.5925 0011433 230.8068 128.8262  2.13102761247186
0 NAVSTAR 24 (USA 79)
1 21890U 92009A   23318.11757696  .00000071  00000-0  00000-0 0  9997
2 21890  54.2345 200.4960 0047847  45.6756 135.1365  1.91828977227949
0 NAVSTAR 25 (USA 80)
1 21930U 92019A   23318.19133178 -.00000055  00000-0  00000-0 0  9997
2 21930  55.6443 338.0378 0030943 323.0920  44.8519  1.87660217223707
0 NAVSTAR 26 (USA 83)
1 22014U 92039A   23317.88646255  .00000107  00000-0  00000-0 0  9990
2 22014  55.2910 151.7475 0003608 272.0537  87.9774  1.87912198 57477
0 COSMOS 2206 (GLONASS)
1 22056U 92047A   23316.63861258 -.00000026  00000-0  00000-0 0  9990
2 22056  64.7083 335.3417 0011265 249.6470 107.3900  2.13107648243425
0 COSMOS 2204 (GLONASS)
1 22057U 92047B   23316.33786205 -.00000026  00000-0  00000-0 0  9996
2 22057  64.7232 335.5352 0015772 338.0203 198.9518  2.13103461243336
0 COSMOS 2205 (GLONASS)
1 22058U 92047C   23317.08869167 -.00000026  00000-0  00000-0 0  9999
2 22058  64.7171 335.4508 0017962 227.7321 214.9502  2.13102884243351
0 NAVSTAR 27 (USA 84)
1 22108U 92058A   23317.88800056  .00000075  00000-0  00000-0 0  9990
2 22108  54.6747 199.0742 0015872  31.4102 328.7889  1.87561760225278
0 NAVSTAR 28 (USA 85)
1 22231U 92079A   23317.50713522  .00000106  00000-0  00000+0 0  9994
2 22231  55.2732 146.4085 0025624 344.2739  15.7104  1.89108591224250
0 NAVSTAR 29 (USA 87)
1 22275U 92089A   23317.41924579  .00000109  00000-0  00000-0 0  9993
2 22275  54.8554 160.8988 0066667  67.3940 113.7857  1.88246774219057
0 NAVSTAR 30 (USA 88)
1 22446U 93007A   23317.99826881 -.00000015  00000-0  00000-0 0  9991
2 22446  53.9250 277.1473 0026274  23.6818 158.9291  1.88094937216209
0 COSMOS 2234 (GLONASS)
1 22512U 93010A   23318.38616525  .00000048  00000-0  00000-0 0  9990
2 22512  64.4044 102.6169 0024331 209.8393 147.7679  2.13103476238975
0 COSMOS 2236 (GLONASS)
1 22513U 93010B   23318.74563547  .00000049  00000-0  00000-0 0  9997
2 22513  64.3981 102.5127 0005062  93.4676 263.7320  2.13104541239224
0 COSMOS 2235 (GLONASS)
1 22514U 93010C   23317.05324972  .00000049  00000-0  00000-0 0  9998
2 22514  64.4170 102.8738 0010694 200.1789 351.1772  2.13101736239109
0 NAVSTAR 31 (USA 90)
1 22581U 93017A   23318.13868932 -.00000052  00000-0  00000-0 0  9993
2 22581  54.9132 332.0648 0001021  54.8486 299.1819  1.88945355 71307
0 NAVSTAR 32 (USA 91)
1 22657U 93032A   23317.54445833 -.00000042  00000-0  00000+0 0  9997
2 22657  54.3930 314.5252 0039296  72.4094  98.2996  1.87695625216129
0 NAVSTAR 33 (USA 92)
1 22700U 93042A   23317.98408410  .00000071  00000-0  00000-0 0  9997
2 22700  54.7292 201.8566 0011574  19.7812 161.4630  1.89432171219207
0 NAVSTAR 34 (USA 94)
1 22779U 93054A   23317.33642382  .00000000  00000-0  00000-0 0  9995
2 22779  53.6729 252.1133 0051176 240.6150 295.3402  1.89129555218119
0 NAVSTAR 35 (USA 96)
1 22877U 93068A   23319.19300951 -.00000073  00000-0  00000+0 0  9998
2 22877  55.5589  10.2352 0008798 118.9198 236.6306  1.88540463218632
0 NAVSTAR 36 (USA 100)
1 23027U 94016A   23316.36614442 -.00000043  00000-0  00000-0 0  9997
2 23027  53.9947 307.8553 0032760 203.5200 155.9716  1.86674239215529
0 COSMOS 2276 (GLONASS)
1 23043U 94021A   23315.48486556 -.00000026  00000-0  00000-0 0  9997
2 23043  64.5709 334.2550 0018379 189.2478 169.5261  2.13099148230017
0 COSMOS 2277 (GLONASS)
1 23044U 94021B   23316.30977167 -.00000026  00000-0  00000-0 0  9993
2 23044  64.5599 334.0983 0055485 214.1424 231.1088  2.13103703230219
0 COSMOS 2275 (GLONASS)
1 23045U 94021C   23313.21396897 -.00000030  00000-0  00000-0 0  9991
2 23045  64.5500 334.1077 0026323  34.1301  27.6265  2.13101605229964
0 COSMOS 2287 (GLONASS)
1 23203U 94050A   23318.79209079  .00000038  00000-0  00000-0 0  9999
2 23203  65.4468 232.9506 0011394  28.1347 152.7299  2.13101229227709
0 COSMOS 2289 (GLONASS)
1 23204U 94050B   23317.32835821  .00000029  00000-0  00000-0 0  9998
2 23204  65.4353 232.8697 0009316 326.0588  33.9200  2.13101434227497
0 COSMOS 2288 (GLONASS)
1 23205U 94050C   23318.39109006  .00000036  00000-0  00000-0 0  9994
2 23205  65.4415 232.9042 0001770 310.0058 231.5435  2.13101233227676
0 COSMOS 2295 (GLONASS)
1 23396U 94076A   23318.40014043  .00000047  00000-0  00000-0 0  9993
2 23396  64.3447 101.7426 0039894 200.9167 160.1021  2.13102663225354
0 COSMOS 2296 (GLONASS)
1 23397U 94076B   23319.09730116  .00000048  00000-0  00000+0 0  9996
2 23397  64.3342 101.5859 0009779 252.6869  59.6021  2.13099711225585
0 COSMOS 2294 (GLONASS)
1 23398U 94076C   23314.28061448  .00000056  00000-0  00000-0 0  9998
2 23398  64.3246 101.5979 0003595  38.5640 315.2416  2.13101752225432
0 COSMOS 2307 (GLONASS)
1 23511U 95009A   23318.48137563 -.00000025  00000-0  00000-0 0  9997
2 23511  64.5893 334.5649 0004607 142.5408  16.8251  2.13105068223044
0 COSMOS 2308 (GLONASS)
1 23512U 95009B   23318.18727635 -.00000025  00000-0  00000-0 0  9990
2 23512  64.5777 334.4760 0006533 306.5865  51.5614  2.13099651223047
0 COSMOS 2309 (GLONASS)
1 23513U 95009C   23318.47034124 -.00000025  00000-0  00000-0 0  9997
2 23513  64.5844 334.6808 0035579 217.6687 299.8679  2.13052323223159
0 COSMOS 2316 (GLONASS)
1 23620U 95037A   23319.39387328  .00000039  00000-0  00000+0 0  9999
2 23620  65.4997 233.4659 0012875 162.9343  20.1985  2.13101446220368
0 COSMOS 2317 (GLONASS)
1 23621U 95037B   23314.44311453 -.00000005  00000-0  00000-0 0  9992
2 23621  65.5107 233.7620 0009484 164.8665  44.7642  2.13101765220012
0 COSMOS 2318 (GLONASS)
1 23622U 95037C   23317.75743948  .00000032  00000-0  00000+0 0  9996
2 23622  65.5017 233.5449 0017671  79.3694 107.0919  2.13101847220324
0 COSMOS 2325 (GLONASS)
1 23734U 95068A   23318.32132934  .00000036  00000-0  00000-0 0  9990
2 23734  65.5041 233.4689 0019632 228.6601 316.2321  2.13102465217230
0 COSMOS 2324 (GLONASS)
1 23735U 95068B   23318.66806067  .00000037  00000-0  00000-0 0  9994
2 23735  65.5011 233.4030 0002451 127.8966 232.1708  2.13102552217314
0 COSMOS 2323 (GLONASS)
1 23736U 95068C   23317.14354899  .00000027  00000-0  00000-0 0  9997
2 23736  65.4924 233.3599 0008463 187.9443 353.9316  2.13102783217023
0 NAVSTAR 37 (USA 117)
1 23833U 96019A   23317.50109292 -.00000035  00000-0  00000-0 0  9997
2 23833  53.6411 302.4643 0008735 345.7371  10.7871  1.94618231 64331
0 NAVSTAR 38 (USA 126)
1 23953U 96041A   23318.09477701 -.00000009  00000-0  00000-0 0  9994
2 23953  55.1734  79.5312 0058841  95.6435  82.2028  1.88695760196934
0 NAVSTAR 39 (USA 128)
1 24320U 96056A   23317.51129841 -.00000013  00000-0  00000+0 0  9998
2 24320  54.2928 269.8644 0026480 201.1584 340.5718  1.86499343192831
0 NAVSTAR 43 (USA 132)
1 24876U 97035A   23317.89597905  .00000090  00000-0  00000-0 0  9998
2 24876  55.6073 135.5870 0075003  53.5546 307.1722  2.00564601192971
0 NAVSTAR 44 (USA 135)
1 25030U 97067A   23314.41408074  .00000037  00000-0  00000-0 0  9990
2 25030  55.6263 205.3943 0019489 252.0250 286.9523  1.88437837188799
0 COSMOS 2364 (GLONASS)
1 25593U 98077A   23318.73265427  .00000031  00000-0  00000-0 0  9992
2 25593  63.7530  93.5200 0029106  56.9170 302.9421  2.13102874193502
0 COSMOS 2363 (GLONASS)
1 25594U 98077B   23318.88735434  .00000032  00000-0  00000+0 0  9999
2 25594  63.7478  93.4481 0026024  46.9380 137.4961  2.13103635193597
0 COSMOS 2362 (GLONASS)
1 25595U 98077C   23318.81844271  .00000032  00000-0  00000-0 0  9994
2 25595  63.7588  93.5716 0007080  80.1679 100.9640  2.13103656193530
0 NAVSTAR 46 (USA 145)
1 25933U 99055A   23318.04672521 -.00000058  00000-0  00000-0 0  9998
2 25933  52.2071 336.5390 0128398 146.2164 252.1754  2.00560461176605
0 NAVSTAR 47 (USA 150)
1 26360U 00025A   23319.00198823 -.00000043  00000-0  00000+0 0  9990
2 26360  54.4921  57.6704 0041832 204.1911 325.2028  2.00565733172316
0 NAVSTAR 48 (USA 151)
1 26407U 00040A   23318.22168306  .00000008  00000-0  00000-0 0  9996
2 26407  55.1674 252.7808 0152439 292.7803 235.2682  2.00557111170970
0 COSMOS 2375 (GLONASS)
1 26564U 00063A   23316.85580097 -.00000031  00000-0  00000-0 0  9994
2 26564  65.6510 345.9372 0006782  14.8496 345.2381  2.13101847179590
0 COSMOS 2376 (GLONASS)
1 26565U 00063B   23319.13336189 -.00000031  00000-0  00000+0 0  9999
2 26565  65.6546 345.8883 0003420  21.9317 346.1046  2.13102563179676
0 COSMOS 2374 (GLONASS)
1 26566U 00063C   23315.20923861 -.00000034  00000-0  00000-0 0  9997
2 26566  65.6314 345.7661 0074526 214.1546 204.4192  2.13099719179539
0 NAVSTAR 49 (USA 154)
1 26605U 00071A   23318.83969223  .00000082  00000-0  00000+0 0  9995
2 26605  55.2037 132.3215 0147345 257.3839 280.9292  2.00560741168564
0 NAVSTAR 50 (USA 156)
1 26690U 01004A   23318.39317860 -.00000032  00000-0  00000-0 0  9998
2 26690  54.4164  67.4701 0001298 337.6511  19.6382  1.91588459165416
0 COSMOS 2382 (GLONASS)
1 26987U 01053A   23315.81989219  .00000024  00000-0  00000-0 0  9998
2 26987  63.4873  91.2480 0005650 204.3868 319.7416  2.13105070170745
0 COSMOS 2381 (GLONASS)
1 26988U 01053B   23319.16983472  .00000028  00000-0  00000+0 0  9999
2 26988  63.4925  91.1524 0044642 223.8051  79.7487  2.13103895170874
0 COSMOS 2380 (GLONASS)
1 26989U 01053C   23317.98613678  .00000024  00000-0  00000-0 0  9993
2 26989  63.4852  91.1523 0004416  45.2735 259.3616  2.13102957170848
0 COSMOS 2394 (GLONASS)
1 27617U 02060A   23318.09216339 -.00000032  00000-0  00000-0 0  9997
2 27617  65.8572 347.4770 0002348 320.5232  39.5263  2.13101733162563
0 COSMOS 2396 (GLONASS)
1 27618U 02060B   23318.10961487 -.00000032  00000-0  00000-0 0  9991
2 27618  65.8599 347.4696 0006430 150.1555 275.6247  2.13099707162462
0 COSMOS 2395 (GLONASS)
1 27619U 02060C   23318.46785354 -.00000032  00000-0  00000-0 0  9998
2 27619  65.8712 347.5843 0012164 254.9929 102.3003  2.13103505162484
0 NAVSTAR 51 (USA 166)
1 27663U 03005A   23318.81909486  .00000012  00000-0  00000-0 0  9997
2 27663  55.2082 252.5679 0134888  45.2272 330.7114  2.00561857152357
0 NAVSTAR 52 (USA 168)
1 27704U 03010A   23319.06856317 -.00000067  00000-0  00000+0 0  9991
2 27704  55.1150   2.4749 0250933 320.3900  94.2058  2.00554432151149
0 COSMOS 2404 (GLONASS)
1 28112U 03056A   23319.36664057  .00000037  00000-0  00000+0 0  9992
2 28112  63.6895  95.4865 0045941  73.8828 292.5275  2.13088202155110
0 COSMOS 2402 (GLONASS)
1 28113U 03056B   23316.83868639  .00000033  00000-0  00000-0 0  9991
2 28113  63.7044  95.6737 0045259  75.9433 283.7917  2.13105065155050
0 COSMOS 2403 (GLONASS)
1 28114U 03056C   23317.51043098  .00000033  00000-0  00000-0 0  9992
2 28114  63.7087  95.6987 0055316  62.2640   1.3177  2.13104896155074
0 NAVSTAR 53 (USA 175)
1 28129U 03058A   23318.58362794 -.00000041  00000-0  00000-0 0  9995
2 28129  54.3218  60.2048 0066235 331.8239  27.8242  2.00561083145828
0 NAVSTAR 54 (USA 177)
1 28190U 04009A   23318.81853113 -.00000032  00000-0  00000-0 0  9996
2 28190  55.6355 313.6250 0092128 141.3875  30.8739  2.00565053143983
0 NAVSTAR 55 (USA 178)
1 28361U 04023A   23318.33739704  .00000073  00000-0  00000-0 0  9992
2 28361  54.3304 125.0174 0146670 274.1265  84.2056  2.00561099142073
0 NAVSTAR 56 (USA 180)
1 28474U 04045A   23319.10239190 -.00000066  00000-0  00000+0 0  9993
2 28474  55.4426   2.8193 0164433 284.6090 145.7308  2.00557330139462
0 COSMOS 2413 (GLONASS)
1 28508U 04053A   23315.46640442  .00000031  00000-0  00000-0 0  9993
2 28508  63.6320  93.8701 0007831 201.2146 211.1796  2.13104174146919
0 COSMOS 2411 (GLONASS)
1 28509U 04053B   23315.46668659  .00000031  00000-0  00000-0 0  9994
2 28509  63.6279  93.8177 0004993 179.8858 229.9541  2.13102284146900
0 COSMOS 2412 (GLONASS)
1 28510U 04053C   23314.84643309  .00000033  00000-0  00000-0 0  9994
2 28510  63.6368  93.9606 0007002 238.6630  86.4262  2.13103733146888
0 NAVSTAR 57 (USA 183)
1 28874U 05038A   23318.09330655 -.00000033  00000-0  00000-0 0  9990
2 28874  55.6862 311.1080 0140427 280.9817 110.9035  2.00570632132864
0 COSMOS 2419 (GLONASS)
1 28915U 05050A   23319.11403912 -.00000032  00000-0  00000+0 0  9999
2 28915  65.9933 347.7303 0014969 329.8417  29.2481  2.13108231139237
0 COSMOS 2418 (GLONASS)
1 28916U 05050B   23318.24241421 -.00000032  00000-0  00000-0 0  9999
2 28916  66.0145 347.9111 0012563 280.8089 144.8178  2.13106247139101
0 COSMOS 2417 (GLONASS)
1 28917U 05050C   23318.51051383 -.00000032  00000-0  00000+0 0  9995
2 28917  65.9961 347.7788 0015428 100.9149 251.7416  2.13104390139218
0 NAVSTAR 58 (USA 190)
1 29486U 06042A   23317.97613795  .00000082  00000-0  00000-0 0  9994
2 29486  54.6790 188.8560 0104607  34.5859 173.4151  2.00566279125412
0 NAVSTAR 59 (USA 192)
1 29601U 06052A   23318.11242763  .00000009  00000-0  00000-0 0  9993
2 29601  55.2316 251.5598 0084862  79.5924 281.3722  2.00553339124430
0 COSMOS 2425 (GLONASS)
1 29670U 06062A   23318.32132934  .00000043  00000-0  00000-0 0  9999
2 29670  64.7056 225.8368 0024774 346.5481 200.4546  2.13111140131429
0 COSMOS 2426 (GLONASS)
1 29671U 06062B   23319.12509101  .00000045  00000-0  00000+0 0  9994
2 29671  64.7131 226.0087 0021010 177.3549   5.6246  2.12963206131418
0 COSMOS 2424 (GLONASS)
1 29672U 06062C   23318.89328375  .00000045  00000-0  00000+0 0  9990
2 29672  64.7088 225.8319 0019046 171.8029 188.2895  2.13122506131434
0 NAVSTAR 60 (USA 196)
1 32260U 07047A   23317.92697281  .00000064  00000-0  00000-0 0  9991
2 32260  53.5002 119.2146 0152442  72.5643 289.1025  2.00575252117834
0 COSMOS 2433 (GLONASS)
1 32275U 07052A   23319.29833629 -.00000032  00000-0  00000+0 0  9998
2 32275  66.0027 347.5415 0005492 248.5768 111.4277  2.13104046124967
0 COSMOS 2432 (GLONASS)
1 32276U 07052B   23319.48178462 -.00000032  00000-0  00000+0 0  9997
2 32276  66.0172 347.6453 0010814 311.7212 135.8581  2.13103228124962
0 COSMOS 2431 (GLONASS)
1 32277U 07052C   23318.27063446 -.00000031  00000-0  00000-0 0  9999
2 32277  66.0163 347.5174 0015110 180.0540 175.9089  2.13208723125041
0 NAVSTAR 61 (USA 199)
1 32384U 07062A   23318.46553755 -.00000032  00000-0  00000-0 0  9998
2 32384  55.8196 311.9249 0024041 152.1864   7.9346  2.00562301116548
0 COSMOS 2434 (GLONASS)
1 32393U 07065A   23318.74563547  .00000046  00000-0  00000-0 0  9996
2 32393  64.3289 223.8822 0003058  70.2134 117.1955  2.13103078123622
0 COSMOS 2435 (GLONASS)
1 32394U 07065B   23316.95566664  .00000036  00000-0  00000-0 0  9990
2 32394  64.3329 223.9383 0024279 356.8339   3.2054  2.13115168123559
0 COSMOS 2436 (GLONASS)
1 32395U 07065C   23318.09007477  .00000044  00000-0  00000-0 0  9999
2 32395  64.3377 223.9669 0016687   2.3076 177.6008  2.13102717123567
0 NAVSTAR 62 (USA 201)
1 32711U 08012A   23317.83994797  .00000083  00000-0  00000-0 0  9998
2 32711  54.4477 187.6760 0178062 236.2579 122.1370  2.00559751114770
0 COSMOS 2442 (GLONASS)
1 33378U 08046A   23316.37057429 -.00000032  00000-0  00000-0 0  9990
2 33378  65.9027 346.6905 0019643 300.7981  90.7803  2.13109021117756
0 COSMOS 2443 (GLONASS)
1 33379U 08046B   23317.21466804 -.00000031  00000-0  00000-0 0  9995
2 33379  65.9127 346.7666 0013721 192.6384 229.1829  2.13097894117771
0 COSMOS 2444 (GLONASS)
1 33380U 08046C   23319.08062241 -.00000031  00000-0  00000+0 0  9990
2 33380  65.9206 346.7490 0020324 294.7091 247.5888  2.13112375117795
0 COSMOS 2447 (GLONASS)
1 33466U 08067A   23318.26647352  .00000047  00000-0  00000-0 0  9996
2 33466  64.3141 102.0083 0006738 223.1290 137.3018  2.13107581115817
0 COSMOS 2449 (GLONASS)
1 33467U 08067B   23316.42838955  .00000048  00000-0  00000-0 0  9995
2 33467  64.3023 101.9915 0031162 234.1474 125.5528  2.13096991115765
0 COSMOS 2448 (GLONASS)
1 33468U 08067C   23317.18669155  .00000047  00000-0  00000-0 0  9993
2 33468  64.3089 101.9831 0003305 269.0122  90.9368  2.13115802115850
0 NAVSTAR 63 (USA 203)
1 34661U 09014A   23317.99296042  .00000010  00000-0  00000-0 0  9992
2 34661  54.7738 248.6435 0129244  57.1911 123.2235  2.00560502107303
0 NAVSTAR 64 (USA 206)
1 35752U 09043A   23318.32149698 -.00000033  00000-0  00000-0 0  9994
2 35752  55.4937  64.8847 0056788  70.3557 293.1760  2.00553900104394
0 COSMOS 2456 (GLONASS)
1 36111U 09070A   23318.30339738  .00000050  00000-0  00000-0 0  9996
2 36111  64.5216 103.3691 0001367 314.4742  51.7864  2.13099007108273
0 COSMOS 2457 (GLONASS)
1 36112U 09070B   23318.76852032  .00000050  00000-0  00000-0 0  9994
2 36112  64.5059 103.2168 0006467 152.2735 342.1578  2.13101184108283
0 COSMOS 2458 (GLONASS)
1 36113U 09070C   23316.80257619  .00000051  00000-0  00000+0 0  9998
2 36113  64.5103 103.3225 0003361 302.8608  58.1372  2.13082438108265
0 COSMOS 2459 (GLONASS)
1 36400U 10007A   23319.06789608 -.00000031  00000-0  00000+0 0  9997
2 36400  65.8828 346.3480 0026216 342.2597  93.2296  2.13117011106677
0 COSMOS 2461 (GLONASS)
1 36401U 10007B   23318.11271906 -.00000031  00000-0  00000-0 0  9991
2 36401  65.8783 346.3421 0019316 357.8910  30.4155  2.13106302106664
0 COSMOS 2460 (GLONASS)
1 36402U 10007C   23319.19828941 -.00000031  00000-0  00000+0 0  9997
2 36402  65.8639 346.2481 0002599 257.8789 195.4973  2.13106231106681
0 NAVSTAR 65 (USA 213)
1 36585U 10022A   23318.38748600  .00000014  00000-0  00000-0 0  9990
2 36585  54.5328 246.7186 0112408  59.8984 110.0888  2.00565585 98626
0 COSMOS 2466 (GLONASS)
1 37137U 10041A   23318.32234211  .00000046  00000-0  00000-0 0  9992
2 37137  63.9057 222.5610 0017242 172.6815   8.4888  2.13112595102689
0 COSMOS 2465 (GLONASS)
1 37138U 10041B   23318.27063446  .00000046  00000-0  00000-0 0  9997
2 37138  63.9216 222.7013 0039545 177.4165   9.5850  2.13098196102701
0 COSMOS 2464 (GLONASS)
1 37139U 10041C   23318.45583497  .00000047  00000-0  00000+0 0  9991
2 37139  63.9285 222.7131 0031854  11.2916 167.8788  2.13099613102728
0 COSMOS 2471 (GLONASS)
1 37372U 11009A   23316.52346553 -.00000031  00000-0  00000-0 0  9996
2 37372  65.8524 346.3103 0009086 326.6225 139.5510  2.12910260 98906
0 NAVSTAR 66 (USA 232)
1 37753U 11036A   23318.03477088 -.00000067  00000-0  00000-0 0  9994
2 37753  56.7518   8.7267 0127011  56.1788 305.7526  2.00569210 90301
0 COSMOS 2474 (GLONASS)
1 37829U 11055A   23317.76546794  .00000053  00000-0  00000-0 0  9993
2 37829  64.8196 104.9296 0009952 232.2203 304.4914  2.13101608 94285
0 COSMOS 2476 (GLONASS)
1 37867U 11064A   23319.34534465  .00000055  00000-0  00000+0 0  9994
2 37867  64.8002 104.8878 0021960 230.4984 125.0309  2.13101613 93670
0 COSMOS 2477 (GLONASS)
1 37868U 11064B   23317.76963104  .00000053  00000-0  00000-0 0  9994
2 37868  64.8069 105.0117 0019106 230.4756 174.0719  2.13101487 93598
0 COSMOS 2475 (GLONASS)
1 37869U 11064C   23317.94352741  .00000053  00000-0  00000+0 0  9993
2 37869  64.8142 105.0186 0023084 248.4725 248.0335  2.13101730 93612
0 COSMOS 2478 (GLONASS)
1 37938U 11071A   23318.91553073 -.00000031  00000-0  00000+0 0  9994
2 37938  65.9024 346.5785 0017070 221.7829 113.4728  2.13015756 93224
0 BEIDOU 12
1 38250U 12018A   23318.07656932 -.00000052  00000-0  00000-0 0  9993
2 38250  56.4727 336.5261 0025423 260.5646  99.1931  1.86231178 78321
0 BEIDOU 13
1 38251U 12018B   23319.08161163 -.00000051  00000-0  00000+0 0  9991
2 38251  56.3819 335.7804 0016351 262.7155  97.1397  1.86231879 78698
0 BEIDOU 14
1 38774U 12050A   23317.41130077  .00000023  00000-0  00000-0 0  9991
2 38774  55.6400  94.5036 0039276 243.3133 116.2603  1.86251736 60211
0 BEIDOU 15
1 38775U 12050B   23319.32819793  .00000026  00000-0  00000+0 0  9995
2 38775  55.7476  94.3552 0010574 336.0753  23.8496  1.86231040 76064
0 NAVSTAR 67 (USA 239)
1 38833U 12053A   23319.01088009  .00000081  00000-0  00000+0 0  9998
2 38833  53.5100 182.2635 0146530  53.4595 307.9856  2.00568365 81370
0 COSMOS 2485 (GLONASS)
1 39155U 13019A   23317.88526060  .00000054  00000-0  00000-0 0  9997
2 39155  64.9598 105.4761 0022447 226.5324 133.2689  2.13101728 82112
0 NAVSTAR 68 (USA 242)
1 39166U 13023A   23317.87766967 -.00000032  00000-0  00000-0 0  9992
2 39166  55.3006 307.2846 0116622  41.5397 319.3442  2.00564150 76904
0 NAVSTAR 69 (USA 248)
1 39533U 14008A   23318.37802339  .00000080  00000-0  00000-0 0  9996
2 39533  53.5957 187.8572 0067097 215.2484 144.4104  2.00555714 70714
0 COSMOS 2492 (GLONASS)
1 39620U 14012A   23318.77935888 -.00000031  00000-0  00000-0 0  9995
2 39620  65.7472 345.8703 0013933 310.9458  48.9965  2.13103122 75099
0 NAVSTAR 70 (USA 251)
1 39741U 14026A   23318.16176159 -.00000067  00000-0  00000-0 0  9994
2 39741  56.7030   8.2435 0031577 309.5490  50.2397  2.00552204 69564
0 COSMOS 2500 (GLONASS)
1 40001U 14032A   23319.43094605 -.00000031  00000-0  00000+0 0  9998
2 40001  65.6850 345.6703 0008471 217.8165 142.1842  2.13105950 73328
0 NAVSTAR 71 (USA 256)
1 40105U 14045A   23316.74916704  .00000082  00000-0  00000-0 0  9997
2 40105  54.8412 126.2980 0027592 115.3597 244.9523  2.00551422 67070
0 GALILEO 5 (261)
1 40128U 14050A   23317.95122847 -.00000055  00000-0  00000+0 0  9999
2 40128  49.8720 311.7404 1606589 143.0413 229.2104  1.85519491 62706
0 GALILEO 6 (262)
1 40129U 14050B   23318.21036207 -.00000053  00000-0  00000-0 0  9993
2 40129  49.8904 310.8030 1604669 143.8606 228.1557  1.85520108 62937
0 NAVSTAR 72 (USA 258)
1 40294U 14068A   23317.11992653 -.00000032  00000-0  00000-0 0  9996
2 40294  56.2375  67.7271 0048735  62.8035 297.6822  2.00576361 66211
0 COSMOS 2501 (GLONASS)
1 40315U 14075A   23318.27400008  .00000045  00000-0  00000-0 0  9997
2 40315  63.6318 223.1899 0018644 207.3609 152.6045  2.13101215 69695
0 NAVSTAR 73 (USA 260)
1 40534U 15013A   23318.75847046  .00000018  00000-0  00000-0 0  9993
2 40534  53.4306 243.3314 0084201  26.9175 333.5449  2.00550209 62860
0 NAVSTAR 74 (USA 262)
1 40730U 15033A   23317.92308758 -.00000032  00000-0  00000-0 0  9990
2 40730  54.7877 305.8627 0088501  14.3752 345.8748  2.00551326 61010
0 BD-18
1 40748U 15037A   23318.20979146 -.00000053  00000-0  00000-0 0  9993
2 40748  55.6209 334.3649 0012945 252.7390 107.1604  1.86233103 56505
0 BD-19
1 40749U 15037B   23317.94303561 -.00000053  00000-0  00000-0 0  9996
2 40749  55.6242 334.3605 0005959 301.8860  58.0982  1.86232904 56501
0 NAVSTAR 75 (USA 265)
1 41019U 15062A   23317.97289486 -.00000030  00000-0  00000-0 0  9992
2 41019  56.2211  67.5452 0092368 222.0713 137.2113  2.00562152 58855
0 BD-21
1 41315U 16006A   23317.91940283  .00000025  00000-0  00000-0 0  9996
2 41315  55.9154  95.0077 0003381 247.9843 111.9545  1.86231388 52974
0 NAVSTAR 76 (USA 266)
1 41328U 16007A   23317.06320681  .00000082  00000-0  00000-0 0  9994
2 41328  55.0437 127.0795 0073021 233.6558 125.6933  2.00572398 56848
0 COSMOS 2514 (GLONASS)
1 41330U 16008A   23318.25546954 -.00000031  00000-0  00000-0 0  9998
2 41330  65.4820 345.2734 0012466 220.1376 139.8335  2.13102582 60468
0 COSMOS 2516 (GLONASS)
1 41554U 16032A   23316.96060527  .00000037  00000-0  00000-0 0  9991
2 41554  63.8584 223.6560 0014915 212.4283 147.5353  2.13106475 58045
0 COSMOS 2522 (GLONASS)
1 42939U 17055A   23318.56623968  .00000045  00000-0  00000-0 0  9996
2 42939  64.0925 224.1466 0007045 240.0689 119.9243  2.13101921 47825
0 BEIDOU 3M1
1 43001U 17069A   23319.09444993  .00000026  00000-0  00000+0 0  9998
2 43001  55.8986  94.4319 0007686 290.9611  68.9307  1.86231259 41001
0 BEIDOU 3M2
1 43002U 17069B   23317.95741483  .00000023  00000-0  00000-0 0  9994
2 43002  55.8972  94.5053 0005314 323.7670  36.1714  1.86231004 40971
0 BEIDOU 3M3
1 43107U 18003A   23318.24493733 -.00000054  00000-0  00000-0 0  9999
2 43107  55.0775 335.0491 0002547  57.2142 302.8523  1.86232385 39733
0 BEIDOU 3M4
1 43108U 18003B   23318.18362197 -.00000055  00000-0  00000-0 0  9993
2 43108  55.0706 335.0380 0004987 258.3764 101.6096  1.86230897 39746
0 BEIDOU 3M5
1 43207U 18018A   23318.08857445  .00000024  00000-0  00000-0 0  9998
2 43207  55.8567  94.5619 0003362  12.1946 347.7878  1.86231283 39128
0 BEIDOU 3M6
1 43208U 18018B   23318.69218074  .00000025  00000-0  00000-0 0  9996
2 43208  55.8565  94.5463 0005230 305.3540  54.5710  1.86231276 39138
0 BEIDOU 3M7
1 43245U 18029A   23317.84088185 -.00000054  00000-0  00000-0 0  9996
2 43245  54.9698 332.7911 0002027 259.5046 100.5122  1.86232580 38275
0 BEIDOU 3M8
1 43246U 18029B   23318.30775968 -.00000053  00000-0  00000-0 0  9990
2 43246  54.9664 332.8031 0003753 338.7148  21.3078  1.86232792 38267
0 COSMOS 2527 (GLONASS)
1 43508U 18053A   23318.52483665  .00000055  00000-0  00000+0 0  9992
2 43508  65.1205 105.5617 0008066 214.7875 145.1463  2.13102349 42128
0 BEIDOU 3M9
1 43581U 18062A   23317.99108806  .00000054  00000-0  00000-0 0  9994
2 43581  54.1616 214.5049 0002961 311.7169  48.3409  1.86231951 36011
0 BEIDOU 3M10
1 43582U 18062B   23317.85780139  .00000054  00000-0  00000-0 0  9995
2 43582  54.1613 214.4990 0006518  23.7581 336.3545  1.86229879 36010
0 BEIDOU 3M11
1 43602U 18067A   23318.33042121  .00000057  00000-0  00000-0 0  9992
2 43602  54.2496 213.1443 0007911  23.5316 336.5916  1.86231471 35502
0 BEIDOU 3M12
1 43603U 18067B   23318.46425613  .00000057  00000-0  00000-0 0  9998
2 43603  54.2466 213.1052 0004731  16.5834 343.5196  1.86231435 35531
0 BEIDOU 3M13
1 43622U 18072A   23317.34935158  .00000022  00000-0  00000-0 0  9993
2 43622  55.8260  94.1240 0004501 282.4771  77.4480  1.86231254 35028
0 BEIDOU 3M14
1 43623U 18072B   23318.28870755  .00000023  00000-0  00000-0 0  9990
2 43623  55.8285  94.0854 0002070 327.4360  32.5252  1.86231239 35032
0 BEIDOU 3M15
1 43647U 18078A   23318.98950035 -.00000052  00000-0  00000+0 0  9991
2 43647  54.8649 332.8677 0006493 358.7428   1.2919  1.86232253 34569
0 BEIDOU 3M16
1 43648U 18078B   23319.11857315 -.00000052  00000-0  00000+0 0  9995
2 43648  54.8606 332.8669 0003431 357.6781   2.3562  1.86232156 34583
0 COSMOS 2529 (GLONASS)
1 43687U 18086A   23319.09352719  .00000046  00000-0  00000+0 0  9994
2 43687  64.3078 224.5833 0008685 265.5810  94.3844  2.13102011 39149
0 BEIDOU 3M17
1 43706U 18093A   23317.65553110  .00000053  00000-0  00000-0 0  9991
2 43706  54.2442 214.4388 0007973 290.7219  69.2743  1.86232050 33913
0 BEIDOU 3M18
1 43707U 18093B   23319.13317543  .00000054  00000-0  00000+0 0  9995
2 43707  54.2446 214.3802 0007162 324.7000  35.3400  1.86229821 33932
0 NAVSTAR 77 (USA 289)
1 43873U 18109A   23316.00790440  .00000091  00000-0  00000-0 0  9993
2 43873  55.2180 129.6511 0027170 189.7425  22.5433  2.00571205 36051
0 COSMOS 2534 (GLONASS)
1 44299U 19030A   23318.69424317  .00000045  00000-0  00000-0 0  9993
2 44299  64.3805 224.5302 0011226 288.1215 259.7605  2.13101895 34778
0 NAVSTAR 78 (USA 293)
1 44506U 19056A   23318.85083113 -.00000068  00000-0  00000-0 0  9991
2 44506  55.8294   8.6095 0038545 188.7998 174.5581  2.00566976 31115
0 BEIDOU 3M23
1 44542U 19061A   23319.20430479  .00000054  00000-0  00000+0 0  9991
2 44542  54.4714 214.6297 0008739   0.1676 359.9199  1.86231475 28196
0 BEIDOU 3M24
1 44543U 19061B   23317.45131590  .00000052  00000-0  00000-0 0  9998
2 44543  54.4701 214.6585 0005663 352.4447 184.3178  1.86231919 28162
0 BEIDOU 3M21
1 44793U 19078A   23317.97572710 -.00000054  00000-0  00000-0 0  9996
2 44793  54.7138 332.8612 0005345   4.1798 355.8639  1.86232102 27023
0 BEIDOU 3M22
1 44794U 19078B   23318.64306179 -.00000053  00000-0  00000+0 0  9994
2 44794  54.6872 332.8187 0003559 348.4271  11.6017  1.86232556 27042
0 COSMOS 2544 (GLONASS)
1 44850U 19088A   23318.46864205  .00000055  00000-0  00000+0 0  9998
2 44850  65.1068 105.4052 0011739 247.6085 112.2536  2.13102103 30544
0 BEIDOU 3M19
1 44864U 19090A   23317.78034514  .00000023  00000-0  00000-0 0  9998
2 44864  55.7606  94.2930 0015934 272.0230  63.1958  1.86231624 26601
0 BEIDOU 3M20
1 44865U 19090B   23317.76404076  .00000023  00000-0  00000-0 0  9991
2 44865  55.7625  94.3266 0013435 286.1101 127.9530  1.86231584 26591
0 COSMOS 2545 (GLONASS)
1 45358U 20018A   23318.66558510 -.00000033  00000-0  00000+0 0  9995
2 45358  64.8222 345.4463 0011910 248.0845 111.8504  2.13102534 28510
0 NAVSTAR 79 (USA 304)
1 45854U 20041A   23317.92516972 -.00000033  00000-0  00000+0 0  9996
2 45854  55.9425  65.9410 0038845 189.1363 168.4072  2.00561635 25050
0 COSMOS 2547 (GLONASS)
1 46805U 20075A   23317.91577557  .00000043  00000-0  00000-0 0  9996
2 46805  64.6085 224.1335 0006644 241.5251 118.4677  2.13102767 23743
0 NAVSTAR 80 (USA 309)
1 46826U 20078A   23318.96222023  .00000015  00000-0  00000+0 0  9991
2 46826  54.2763 249.1562 0037238 194.5882 167.7394  2.00562655 22545
0 NAVSTAR 81 (USA 319)
1 48859U 21054A   23318.21824039 -.00000070  00000-0  00000-0 0  9990
2 48859  55.3487  10.3868 0014006 219.1389 150.0980  2.00569675 17784
0 COSMOS 2557 (GLONASS)
1 52984U 22075A   23318.54797816 -.00000035  00000-0  00000+0 0  9996
2 52984  64.7412 347.6022 0013826 277.3356  82.5716  2.13102107 10547
0 COSMOS 2559 (GLONASS)
1 54031U 22130A   23318.02093798 -.00000035  00000-0  00000-0 0  9995
2 54031  64.7127 347.7458 0007988 230.3893 129.6059  2.13101417  8527
0 COSMOS 2564 (GLONASS)
1 54377U 22161A   23318.68296755  .00000046  00000-0  00000-0 0  9993
2 54377  64.7492 224.1736 0008478 218.2472 141.7561  2.13102180  7480
0 NAVSTAR 82 (USA 343)
1 55268U 23009A   23318.91577271  .00000082  00000-0  00000+0 0  9995
2 55268  55.0850 185.6086 0005363  89.1720 100.7618  2.00550681  6274
0 COSMOS 2569 (GLONASS)
1 57517U 23114A   23317.76345587  .00000053  00000-0  00000+0 0  9994
2 57517  64.8302 104.6570 0008827 293.3031  66.5913  2.13104106  2098